%       time    relative elevation change 
%        yr              m
   2.0030000e+03  -8.0000000e-02
   2.0030833e+03  -1.5000000e-01
   2.0031667e+03  -2.3000000e-01
   2.0032500e+03  -3.0000000e-01
   2.0033333e+03  -3.6000000e-01
   2.0034167e+03  -4.3000000e-01
   2.0035000e+03  -5.0000000e-01
   2.0035833e+03  -5.6000000e-01
   2.0036667e+03  -6.3000000e-01
   2.0037500e+03  -7.0000000e-01
   2.0038333e+03  -7.5000000e-01
   2.0039167e+03  -7.8000000e-01
   2.0040000e+03  -8.2000000e-01
   2.0040833e+03  -8.3000000e-01
   2.0041667e+03  -8.5000000e-01
   2.0042500e+03  -8.6000000e-01
   2.0043333e+03  -8.7000000e-01
   2.0044167e+03  -8.7000000e-01
   2.0045000e+03  -8.9000000e-01
   2.0045833e+03  -8.9000000e-01
   2.0046667e+03  -9.0000000e-01
   2.0047500e+03  -9.1000000e-01
   2.0048333e+03  -9.3000000e-01
   2.0049167e+03  -9.5000000e-01
   2.0050000e+03  -9.8000000e-01
   2.0050833e+03  -1.0000000e+00
   2.0051667e+03  -1.0300000e+00
   2.0052500e+03  -1.0500000e+00
   2.0053333e+03  -1.0800000e+00
   2.0054167e+03  -1.1300000e+00
   2.0055000e+03  -1.1800000e+00
   2.0055833e+03  -1.2400000e+00
   2.0056667e+03  -1.3200000e+00
   2.0057500e+03  -1.3800000e+00
   2.0058333e+03  -1.4300000e+00
   2.0059167e+03  -1.5000000e+00
   2.0060000e+03  -1.5700000e+00
   2.0060833e+03  -1.6500000e+00
   2.0061667e+03  -1.7400000e+00
   2.0062500e+03  -1.8200000e+00
   2.0063333e+03  -1.9100000e+00
   2.0064167e+03  -1.9900000e+00
   2.0065000e+03  -2.0700000e+00
   2.0065833e+03  -2.1500000e+00
   2.0066667e+03  -2.2300000e+00
   2.0067500e+03  -2.3300000e+00
   2.0068333e+03  -2.4500000e+00
   2.0069167e+03  -2.5800000e+00
   2.0070000e+03  -2.7200000e+00
   2.0070833e+03  -2.8500000e+00
   2.0071667e+03  -2.9800000e+00
   2.0072500e+03  -3.1200000e+00
   2.0073333e+03  -3.2500000e+00
   2.0074167e+03  -3.3700000e+00
   2.0075000e+03  -3.4900000e+00
   2.0075833e+03  -3.6100000e+00
   2.0076667e+03  -3.7300000e+00
   2.0077500e+03  -3.8600000e+00
   2.0078333e+03  -3.9900000e+00
   2.0079167e+03  -4.1200000e+00
   2.0080000e+03  -4.2400000e+00
   2.0080833e+03  -4.3700000e+00
   2.0081667e+03  -4.4900000e+00
   2.0082500e+03  -4.6100000e+00
   2.0083333e+03  -4.7200000e+00
   2.0084167e+03  -4.8100000e+00
   2.0085000e+03  -4.8800000e+00
   2.0085833e+03  -4.9300000e+00
   2.0086667e+03  -4.9800000e+00
   2.0087500e+03  -5.0200000e+00
   2.0088333e+03  -5.0500000e+00
   2.0089167e+03  -5.0900000e+00
   2.0090000e+03  -5.1400000e+00
   2.0090833e+03  -5.1900000e+00
   2.0091667e+03  -5.2300000e+00
   2.0092500e+03  -5.2700000e+00
   2.0093333e+03  -5.3200000e+00
   2.0094167e+03  -5.3700000e+00
   2.0095000e+03  -5.4300000e+00
   2.0095833e+03  -5.4800000e+00
   2.0096667e+03  -5.5400000e+00
   2.0097500e+03  -5.5900000e+00
   2.0098333e+03  -5.6400000e+00
   2.0099167e+03  -5.7000000e+00
   2.0100000e+03  -5.8000000e+00
   2.0100833e+03  -5.8900000e+00
   2.0101667e+03  -5.9900000e+00
   2.0102500e+03  -6.0900000e+00
   2.0103333e+03  -6.2100000e+00
   2.0104167e+03  -6.3400000e+00
   2.0105000e+03  -6.4900000e+00
   2.0105833e+03  -6.6400000e+00
   2.0106667e+03  -6.7900000e+00
   2.0107500e+03  -6.9400000e+00
   2.0108333e+03  -7.0900000e+00
   2.0109167e+03  -7.2400000e+00
   2.0110000e+03  -7.4100000e+00
   2.0110833e+03  -7.5800000e+00
   2.0111667e+03  -7.7500000e+00
   2.0112500e+03  -7.9200000e+00
   2.0113333e+03  -8.0700000e+00
   2.0114167e+03  -8.2300000e+00
   2.0115000e+03  -8.3900000e+00
   2.0115833e+03  -8.5500000e+00
   2.0116667e+03  -8.7200000e+00
   2.0117500e+03  -8.8900000e+00
   2.0118333e+03  -9.0600000e+00
   2.0119167e+03  -9.2400000e+00
   2.0120000e+03  -9.4100000e+00
   2.0120833e+03  -9.5800000e+00
   2.0121667e+03  -9.7500000e+00
   2.0122500e+03  -9.9200000e+00
   2.0123333e+03  -1.0090000e+01
   2.0124167e+03  -1.0260000e+01
   2.0125000e+03  -1.0430000e+01
   2.0125833e+03  -1.0600000e+01
   2.0126667e+03  -1.0760000e+01
   2.0127500e+03  -1.0910000e+01
   2.0128333e+03  -1.1050000e+01
   2.0129167e+03  -1.1190000e+01
   2.0130000e+03  -1.1320000e+01
   2.0130833e+03  -1.1440000e+01
   2.0131667e+03  -1.1560000e+01
   2.0132500e+03  -1.1670000e+01
   2.0133333e+03  -1.1780000e+01
   2.0134167e+03  -1.1880000e+01
   2.0135000e+03  -1.1970000e+01
   2.0135833e+03  -1.2060000e+01
   2.0136667e+03  -1.2140000e+01
   2.0137500e+03  -1.2220000e+01
   2.0138333e+03  -1.2300000e+01
   2.0139167e+03  -1.2370000e+01
   2.0140000e+03  -1.2440000e+01
   2.0140833e+03  -1.2510000e+01
   2.0141667e+03  -1.2580000e+01
   2.0142500e+03  -1.2650000e+01
   2.0143333e+03  -1.2710000e+01
   2.0144167e+03  -1.2770000e+01
   2.0145000e+03  -1.2830000e+01
   2.0145833e+03  -1.2900000e+01
   2.0146667e+03  -1.2970000e+01
   2.0147500e+03  -1.3040000e+01
   2.0148333e+03  -1.3110000e+01
   2.0149167e+03  -1.3180000e+01
   2.0150000e+03  -1.3250000e+01
   2.0150833e+03  -1.3320000e+01
   2.0151667e+03  -1.3390000e+01
   2.0152500e+03  -1.3470000e+01
   2.0153333e+03  -1.3550000e+01
   2.0154167e+03  -1.3630000e+01
   2.0155000e+03  -1.3710000e+01
   2.0155833e+03  -1.3790000e+01
   2.0156667e+03  -1.3870000e+01
   2.0157500e+03  -1.3950000e+01
   2.0158333e+03  -1.4030000e+01
   2.0159167e+03  -1.4110000e+01
   2.0160000e+03  -1.4190000e+01
   2.0160833e+03  -1.4260000e+01
   2.0161667e+03  -1.4330000e+01
   2.0162500e+03  -1.4400000e+01
   2.0163333e+03  -1.4470000e+01
   2.0164167e+03  -1.4540000e+01
   2.0165000e+03  -1.4600000e+01
   2.0165833e+03  -1.4660000e+01
   2.0166667e+03  -1.4720000e+01
   2.0167500e+03  -1.4770000e+01
   2.0168333e+03  -1.4810000e+01
   2.0169167e+03  -1.4850000e+01
   2.0170000e+03  -1.4890000e+01
   2.0170833e+03  -1.4930000e+01
   2.0171667e+03  -1.4970000e+01
   2.0172500e+03  -1.5010000e+01
   2.0173333e+03  -1.5060000e+01
   2.0174167e+03  -1.5100000e+01
   2.0175000e+03  -1.5140000e+01
   2.0175833e+03  -1.5180000e+01
   2.0176667e+03  -1.5210000e+01
   2.0177500e+03  -1.5240000e+01
   2.0178333e+03  -1.5270000e+01
   2.0179167e+03  -1.5300000e+01
   2.0180000e+03  -1.5330000e+01
   2.0180833e+03  -1.5360000e+01
   2.0181667e+03  -1.5390000e+01
   2.0182500e+03  -1.5430000e+01
   2.0183333e+03  -1.5460000e+01
   2.0184167e+03  -1.5490000e+01
   2.0185000e+03  -1.5520000e+01
   2.0185833e+03  -1.5550000e+01
   2.0186667e+03  -1.5590000e+01
   2.0187500e+03  -1.5630000e+01
   2.0188333e+03  -1.5680000e+01
   2.0189167e+03  -1.5740000e+01
   2.0190000e+03  -1.5810000e+01
   2.0190833e+03  -1.5890000e+01
   2.0191667e+03  -1.5980000e+01
   2.0192500e+03  -1.6070000e+01
   2.0193333e+03  -1.6170000e+01
   2.0194167e+03  -1.6270000e+01
   2.0195000e+03  -1.6370000e+01
   2.0195833e+03  -1.6470000e+01
   2.0196667e+03  -1.6580000e+01
   2.0197500e+03  -1.6690000e+01
   2.0198333e+03  -1.6740000e+01
   2.0199167e+03  -1.6780000e+01
   2.0200000e+03  -1.6790000e+01
   2.0200833e+03  -1.6780000e+01
   2.0201667e+03  -1.6750000e+01
   2.0202500e+03  -1.6700000e+01
   2.0203333e+03  -1.6630000e+01
   2.0204167e+03  -1.6560000e+01
   2.0205000e+03  -1.6480000e+01
   2.0205833e+03  -1.6400000e+01
   2.0206667e+03  -1.6320000e+01
   2.0207500e+03  -1.6240000e+01
   2.0208333e+03  -1.6170000e+01
   2.0209167e+03  -1.6110000e+01
   2.0210000e+03  -1.6070000e+01
   2.0210833e+03  -1.6040000e+01
   2.0211667e+03  -1.6020000e+01
   2.0212500e+03  -1.6020000e+01
   2.0213333e+03  -1.6020000e+01
   2.0214167e+03  -1.6030000e+01
   2.0215000e+03  -1.6060000e+01
   2.0215833e+03  -1.6100000e+01
   2.0216667e+03  -1.6140000e+01
   2.0217500e+03  -1.6190000e+01
   2.0218333e+03  -1.6250000e+01
   2.0219167e+03  -1.6330000e+01
   2.0220000e+03  -1.6400000e+01
   2.0220833e+03  -1.6480000e+01
   2.0221667e+03  -1.6540000e+01
   2.0222500e+03  -1.6580000e+01
   2.0223333e+03  -1.6610000e+01
   2.0224167e+03  -1.6630000e+01
   2.0225000e+03  -1.6640000e+01
   2.0225833e+03  -1.6640000e+01
   2.0226667e+03  -1.6650000e+01
   2.0227500e+03  -1.6670000e+01
   2.0228333e+03  -1.6680000e+01
   2.0229167e+03  -1.6660000e+01
   2.0230000e+03  -1.6580000e+01
   2.0230833e+03  -1.6470000e+01
   2.0231667e+03  -1.6400000e+01
   2.0232500e+03  -1.6420000e+01
   2.0233333e+03  -1.6530000e+01
   2.0234167e+03  -1.6580000e+01
   2.0235000e+03  -1.6640000e+01
